# Created by Octave 4.0.0, Tue Nov 17 13:23:19 2015 West Asia Standard Time <unknown@pb027usk20am>
# name: A
# type: matrix
# rows: 3
# columns: 2
 -234 3
 1 23
 2 3


# name: a
# type: matrix
# rows: 7
# columns: 2
 -234 3
 1 23
 2 3
 3 1
 4 -1
 5 13334
 123 923123123


# name: ans
# type: sq_string
# elements: 1
# length: 21
C:\Users\cyxf\Desktop


# name: v
# type: matrix
# rows: 1
# columns: 3
 -234 1 2


